,A,B,C,D
0,2.2300183416486363,-0.09919110102755223,0.449545180771107,0.8579990495835
1,0.4491214552933541,0.2984195045361225,-1.2736029837695126,0.047251296594499406
2,0.8684371583038911,-0.2993820541489162,-0.22345429116161242,1.437359995976913
3,0.9094403252914737,-0.25403102480489054,-1.0048934810034533,-0.5538667861996082
4,0.3770643661674914,-0.860224224243958,-1.277770193066861,-0.9622063111088001
5,-1.2174569355545444,1.1308828904183381,0.8203787924267383,0.17205580858497738
6,-0.4937734752791595,-0.37841611520441254,-0.4952155290076817,-0.9426412541314841
7,0.6405218121274096,-0.663122412948808,0.6248330026460401,-2.360816852109954
8,-1.0982304721158125,-1.171380605744202,-0.40329146439006397,0.32423762723025235
9,-1.0432632597703486,0.5056720989273427,-0.59335431399771,0.9625560261064426
10,-0.9711511452600293,0.19425064751202534,-1.018811323388308,-0.08211461747274805
11,-0.2898405187323823,0.45605764889126443,0.23249033001965802,1.5506708872491033
12,-0.4351115739973797,-0.885193538408875,0.7793537732358822,0.09640317674157305
13,0.3987455981961171,-1.1570444724077915,0.8573918543913674,0.7283205119678748
14,0.9271648671109632,-1.0166168038778145,-0.9335478062559067,-0.5540079713003926
15,1.2947940512132399,0.20176255717797048,-0.5636220834594426,-1.2256421431468556
16,0.3527084608102106,0.0657584260244092,-0.4323932623573752,0.9486594692380939
17,1.6515213398694162,-0.13002253207177614,-1.4195584391650737,-0.5735104704817973
18,1.5892935488601392,-1.415885093689317,-0.8566473909034397,0.494145981760305
19,-1.2004334571778046,0.2469752733195539,-1.3594018792368452,-0.1830324848245044
20,-0.8323746763941917,-2.2097648319711847,-0.9995058839278238,-2.1797231334655187
21,-0.8882997790381317,0.6399829136828722,0.8126176942175173,1.034648046507617
22,0.6673863204284598,0.02164147093074395,-0.3261639703831368,0.41122144168446356
23,1.044364723541138,-1.0496542528618618,1.542693038317088,-2.0790534083814096
24,-2.7781004147658828,1.1004044871561116,-1.5498941598383649,1.4016309210219526
25,0.7543659802008693,0.7269438331035838,-0.03730886264501232,-1.2735121295123504
26,-1.243116587311901,0.7862141797223461,1.021673464329771,-0.5328265169311421
27,1.5636679370878006,0.9896706377311474,0.5972888856991762,0.7239953506572832
28,1.6940564143764507,0.7635594409212411,-0.2105506965115478,0.6298159921848137
29,1.3323545448166738,0.9223144442744401,0.6548671841003885,-1.6303191711180274
30,-0.7979917638289795,-0.9825277783450862,0.6934362511609624,-2.029956186936385
31,-0.31711743355832206,-1.4818686693813825,-2.7752829359081588,-2.000857895082897
32,-0.8818760510423599,0.48251710376749923,-0.5945829264099178,0.6017912141699047
33,-1.2887360382212556,0.07545793665625213,-1.007479607123528,0.9717235892173276
34,0.2838355519649807,0.30817314493414383,0.9379390169664024,0.7517289348013896
35,-0.8523085217965073,0.03411384467800253,-0.6282507110804778,0.6562976833941395
36,-0.5242427488947018,-1.1472847171294756,0.7867565786866432,0.43852993447733335
37,0.17209744103532343,-1.8173854853871416,-0.6864625055693967,-0.7941036643735198
38,0.8933262056477371,-0.7145875210355042,-0.967276349896665,0.03729282628591136
39,-1.349996240888335,-1.0484785840185173,-0.26408195980987004,-0.46776272418282616
40,-1.9144604965108645,0.3475682843331499,-0.9934850833953367,-1.4963582472754597
41,-0.2829897526403498,-1.730407349699087,-1.6992230944343103,-0.8802574177196104
42,-0.9652289877720973,-0.5155455479353762,1.3986601669944627,-0.9534093219501945
43,-1.183217960568796,-1.0627859116251117,2.0936499974013576,0.9786547503875481
44,2.6228177586787207,-1.797339349056695,0.2399930605594418,-0.8425280110415889
45,0.7629923942032915,0.37454341437409067,-0.054160542069194774,2.474267613303045
46,-1.53614289152612,1.0628027692756705,-1.3850486622182432,-1.3935535627982185
47,-0.08857414848762687,-0.3094760960272801,-0.7779543428156495,0.22686879375564967
48,0.8386911710947061,-0.3471801010840219,-0.8322332996396655,-1.3872452075996298
49,0.9731587885164229,0.40131501234749384,-0.6331093669432099,-1.3826487613413974
50,-0.4810784322419239,-0.3271147762199247,-1.955555367511079,-0.8206344613835418
51,-0.70580351091962,-1.154489410057411,-0.3525322237080724,-1.2469936272426376
52,1.7882483051658766,-1.1002923268141176,-0.5597867476119752,1.2763769018387878
53,0.5135978112116372,-1.3722290592913453,-0.04073560223078516,0.023419863820551123
54,-0.5664406042378354,-0.9648785349678364,0.512614604128446,1.0918114438836652
55,-0.09496041785158534,-0.9416359800207963,0.7501318362457918,-1.3742421592679885
56,-0.5050960766637925,1.7291820663364565,0.38506987291059513,0.5136919753000102
57,-1.280669165837772,1.150633647617139,-0.41050751003228436,0.7391951390925512
58,-2.0197424850588797,2.2016455608380614,-0.08864241239605213,-0.6236291370052772
59,1.093119212531222,-0.8989454291558527,-0.418029419372458,-0.8504752117683874
60,1.222654977452959,0.11149000256902807,-0.757672016172747,0.4664671542737984
61,0.8912886826788646,0.3407484453783426,1.8351134018909863,0.3728147664878343
62,-1.8965477761789258,-0.38896736053566816,-0.29043426641195574,0.5198813513594889
63,0.24994873158974615,1.0255123489700508,-0.4813639151034788,-0.46880285672832306
64,-0.2530248177248333,0.5580253386888574,-1.3884524059557506,-1.1014550774881549
65,-0.3009638845905945,0.7387618995867543,-0.464671969689795,0.04727232374827286
66,-0.6250626214259808,-0.8178005529043634,-0.40327412615130087,-0.041601743273234154
67,1.250734520502204,-0.48973367317375965,0.3235912040647787,0.042802379872431934
68,-1.3580649530243702,-0.17552655152575813,-0.3708682889186922,-1.286735267615209
69,-0.8343502532230205,-0.9322749433289823,0.4609863913860715,0.6362651753056572
70,-1.5419549538347368,0.6476181275983116,-0.4426215404314236,-0.6201526950390325
71,-0.041046589483486134,-0.13194147770702994,-0.6774953257633198,-2.0238287093884955
72,-0.5646467122792005,0.11562854010972955,-0.9435357361970758,-0.822743444155839
73,0.023078780113285076,-0.20232471460648782,-0.5535853740175812,1.2475100657695488
74,0.699642341622182,0.6600955709807942,1.2003667366548088,1.3233201823618064
75,0.581672830842505,0.8726966500363967,-1.4112065391605122,-1.2200778523027722
76,-1.3950593953234738,0.934901152221444,-0.4945511519127108,0.5464513873521657
77,-0.7867818099536787,0.1353111425044338,0.2727690488728464,-0.8407549890146648
78,-2.3909721177244263,0.33489543693240764,-1.5063316336166745,1.182295020842591
79,0.8090552944471004,-0.4171667872256301,-0.29458399172467853,-0.010272752848215914
80,-0.688454800719864,-1.0832107275354015,-0.6451644364582306,-0.6459734713234507
81,-1.8488717103540793,1.9398936869651728,0.8887682908324133,-1.1223534397955677
82,0.5687912523213939,-1.0277933126599494,0.0916416914563443,0.35523502632381604
83,-0.4624166675979708,0.26481049660091055,-1.7287378377424438,-0.03097731051005663
84,-0.39654141934804965,-1.1835750717240154,0.23379694615153676,0.217955566642014
85,-0.5597076637886316,-0.47162706906287494,-0.7735611078498148,0.8369868399745353
86,0.020457262900958444,0.38216398608403573,-0.2519775973988403,-0.3729092618370498
87,-0.8303984569330831,0.5358562068006663,0.26451529787968586,-0.2613329664716656
88,0.46856257025564363,-0.49700319960154127,-0.057273150905050495,0.2184269196452142
89,-1.2802810856633184,-0.5598690176725384,1.9762302222953239,-1.0485810855358622
90,-1.3754626020512,0.0544379026523671,-0.0173817985401832,1.637183403368543
91,-1.530673731030585,-1.9636389333558664,-1.1183801305578842,0.17646944456746883
92,-0.6674063801848151,-0.04755053160106567,-1.3248108633632663,-0.9319211494970648
93,0.4540525803856404,-0.23853635969103054,0.058152569132315014,0.3776134126101735
94,-1.1021364192465632,1.108648217288006,0.15149838342463937,1.635339413876119
95,-0.1844540030121863,-0.4403097259972013,0.900681952291273,-1.293770583647388
96,1.239876559246782,-0.8908471872256916,0.5169698373408151,-1.0369689105109987
97,-0.1947831150678445,0.48041361665579,0.8293217860051745,0.154362943187722
98,0.9680057697858715,1.4176559974027363,1.3218978051191415,0.10232930328791406
99,0.21099454551722044,0.17150345861142435,-0.5652296120763364,-0.14829512429994665
100,-0.8672555459331656,0.722600034860657,0.8607606250459143,-0.6365996045062238
101,0.23893515438555188,0.1645452260130542,-1.1831285090090637,-0.07856456431213817
102,-0.31244711302236106,-1.8292863010919103,0.1980928875999363,-0.44183813427692525
103,0.9940902330229967,-0.5270002991579786,2.2059158313772245,0.39060042216691987
104,0.674308139207162,0.058582109749775416,1.0963996145370547,0.6286968252132443
105,1.0092490126962528,0.17607667490248718,0.09726517023572769,0.602141655400581
106,-0.6109990949626435,1.776279854287734,0.6479658025880085,1.514767297751113
107,0.6019673006836702,-0.6277826086810934,1.041381576504145,1.509805477023318
108,-1.1892378405683524,0.818180304850046,-0.0672203598672508,-0.7054535400056877
109,0.7484136792342518,1.6185430951891324,1.5292438310625258,0.8166253926683151
110,1.1347985332396573,-0.9977766690453697,0.897860643071609,1.6192560314425657
111,-0.5059103212037657,1.3199100791294136,-0.7990718763499163,-0.9080658908513027
112,0.7853828819383504,0.8507426681317798,-0.5759569968495157,-1.0827035861309429
113,-0.2958618986138203,1.8096437754975296,1.8219915561883449,1.6036968882161013
114,-1.3130372054598882,1.5742583428526216,0.7697729500790855,0.6490455573052621
115,2.028162938391497,0.7382974300803664,-0.8764697390247065,0.9142988562119659
116,0.5380591892930142,1.0451311390964768,-1.44994587966694,0.31941201758804116
117,-1.266184517533349,-1.441490862895365,-0.7336370918229931,0.4184364254180323
118,0.744671956338575,2.3177709036234555,-0.6970058466663035,-1.431478520158642
119,-0.08002287372394322,0.07158650961854718,-0.29241102814406494,1.9469318284552888
120,-1.0211778951470984,0.0835422555242384,0.6910411620043853,-1.0269503826184645
121,1.1547641536077473,-1.6899500462856838,1.1615377031854268,1.865673711954125
122,1.4436930744858691,-1.1988787661162867,2.185065053924915,-0.4141304249801186
123,-0.5571631163946184,-0.38450048283823074,1.0956878453375725,-0.6265869419626822
124,0.3069957093010353,-0.6466103975539788,0.1577091432648102,0.8167381892014504
125,-1.0546702192936035,0.8513309989159802,0.04374438803051276,2.157404109163952
126,-0.4558068388101131,1.3294862254797675,0.18210858727133597,-1.7291247817175086
127,0.9732998245593373,0.576041528284565,0.17239106697869247,1.8271463796077516
128,-1.2416559350683638,0.07677982722121111,1.324310381442955,-0.09538965744303345
129,-0.23376624901130247,-1.7983641710376554,1.6555036375464953,0.24246624265505815
130,-0.38681898465874787,-0.0514082274454123,-0.0059503026560543465,0.4197713093527682
131,-0.45603259860194484,1.0528661952495366,0.6358196496939975,0.7770216310185638
132,0.5082445395104298,-0.20266470721332963,-0.8054607649575329,0.2213905109804062
133,-0.7646384275153705,-1.1670048808443403,0.2852263111049422,-0.9230325127046329
134,0.12740760777834637,-1.0899565813976675,0.7710211448317829,2.0398135455932938
135,1.4010351321185992,-1.3847256519523083,-0.06457259630371227,-0.5642134741805801
136,0.557618501740104,-1.1240800920592342,1.1389025595944355,-0.1391108073240479
137,0.17291148687033403,-0.5107670969635607,-0.4547501168981074,0.4655990276053261
138,0.5934705506261587,0.7992815325504117,1.123773071873179,-0.5324863880509558
139,-0.6000838813010008,1.427825106169717,2.3547334115911465,-1.0257083346425242
140,-1.3700988755094712,0.2429448787109877,-1.8121193405072284,0.1554797422504308
141,-0.3106001505624866,1.9131912910680107,-1.119582420840356,-0.2295912941772754
142,0.8698735711174016,1.7454752780314373,1.3703319787965351,0.9836999892142857
143,-0.09935242603214511,-0.22083098148073055,-0.5746833537131943,0.4224299994962283
144,-0.050124127401351234,-0.6155853169344524,-0.7643541869204636,-0.19431348364357673
145,0.4244816405819719,-0.20681797731870766,-1.2353814541366848,-0.615875442392662
146,-0.15084686787533017,-1.4435782866086344,0.48785583911636665,1.2581898805932974
147,0.7884789369854869,1.0525090813591433,-0.4020115609199836,-1.1898746274965233
148,-0.933042865943673,0.6047881970955785,-0.4263357156108988,0.4674400693969516
149,-0.5425177311891752,-1.2936103844726845,0.30469549262600426,1.049516256611599
150,-0.3281873703567429,-2.3868981981373416,0.074037055315799,-0.16981118074092058
151,-1.5308766492114672,0.16946859190406166,-1.386561627626087,3.5275705458351174
152,0.6079199176658664,-0.3910144230331821,0.5303623983597767,-0.5451056392198358
153,-1.4413956191667139,0.5406445018506092,0.6383417691842606,1.3274091319951482
154,0.12176145787017394,0.8655085535663051,1.8011417588037186,0.29853983194079314
155,0.7954471856108071,2.118198458805856,0.8155526379034845,-1.6753463721633612
156,1.0532303383665904,0.2688903212862447,1.5072597642789187,2.9759145463861234
157,-0.0597180344424436,0.02724964578717732,0.9095841555263398,-1.637602209543417
158,-0.029167103087502658,-2.002191294566134,0.12505052996886784,-0.13141996200960446
159,-0.9591143817036768,0.1533773245571129,0.5592088367910499,-0.5036208759128502
160,0.7126707677609015,-0.4688199915229184,1.5576071283402402,0.8757390966488633
161,0.5218182201611152,-0.6196028668610222,1.1364403474843303,0.4222353405467326
162,-0.6133543940929874,0.7959320549165964,0.002457230630543817,-0.6304815466372835
163,0.15840608971247166,1.2584805764277163,-0.11870698670183792,-0.4404178545632445
164,-2.00558263576912,0.9528041466817179,-1.4745478761766795,0.8796941708742976
165,-1.0088965279323105,-0.12135790577917442,-0.853253610103997,-1.2817479837684729
166,-0.27899896883868724,-0.967248971555605,-1.6910777251691846,0.3471910232775403
167,-0.4051964176263729,0.15966429580249938,-1.2533238062364271,-0.812083273152782
168,1.657108308813595,-0.8257486163518633,0.3463586415150659,-0.7964691651007529
169,-0.4377124445408211,-0.3083465804266286,0.6232729171538111,0.15107081376485598
170,0.5433250320962765,0.08094949823879541,-0.6113884313652852,-0.22353781464557754
171,0.1159694560317195,-0.6545711203202537,-0.12843207108112797,1.0174161502087438
172,0.10312245252793958,1.1234399554808523,-0.07413720352663333,3.122345545276598
173,0.6669873155842075,-1.1823850610590814,0.20229839602036986,1.8643385493677933
174,-0.05060860307253537,0.476573704944039,0.376437518559594,-0.2096621611354203
175,1.4688472659468537,1.0238039447227179,1.774442023662651,1.5985558062216987
176,-1.660075781235873,-1.2619566774687132,0.934159482934712,0.9519857586942619
177,-0.8072666057977659,-1.385860839141818,0.5219156457264136,-0.9725741518650572
178,-0.17856188787377075,-1.9063281521803663,0.21411655459714454,-0.5977412625939115
179,1.3101992338931217,0.7275912297641621,1.2374549443766414,-0.05036828090911747
180,-1.609671832628577,0.6066450427626925,-1.0450998923053305,-0.41993810092073186
181,0.6315014622916527,-0.18583326774209638,-1.853933716646219,-0.5883082574476279
182,-0.18960372783129886,0.7132539860722098,0.386853868981939,-0.7651875532274173
183,1.2000361365221324,0.524624663185727,-0.9348070709020595,2.065044709227782
184,-0.8451809007721006,0.5464287294348518,-1.3250928323258555,-1.75175740093219
185,-0.1254640470030486,-1.9579922557321052,-0.5585395123654677,1.5924814661849647
186,-2.413662068634822,-1.2394260316193009,0.7569764868121263,-0.49509274532621766
187,0.7703601520614378,-0.009896158499027106,-0.033814922248399826,-1.3217907210490596
188,0.0014314703706963619,-0.17666526761775486,0.7992250389269707,0.6414066963814836
189,-0.513743764821241,-1.1190906300280905,1.51480918205491,-0.9471322517322569
190,-0.2261217569451221,1.4864295203228493,1.4325868723810944,-0.9612574271243973
191,2.0836712431657505,-0.004316146836691861,1.6830853883292387,0.6164546341933816
192,0.24639010625836877,0.07515853475044632,0.7324487613622509,1.852726583762655
193,1.5740589820995914,-0.60779220920671,3.696023134189396,0.5450781559036378
194,-0.39471040405691254,0.2011643311130705,-2.583602157403315,0.9161107168122515
195,-1.1780092165594382,0.06440905671425275,-0.9877466638423164,0.28121893437258105
196,-0.3208426833058755,0.36202644271077145,0.24009571268105692,-0.5180831928621118
197,-1.021462167676481,-0.7130958007821592,-1.5407483014986572,0.9646171797267403
198,-0.6389541727315687,-0.898513094071485,0.24554624554529556,-0.6032132355359854
199,1.2199602747268758,-0.07677962167385696,1.1930740075981443,1.6356527656765474
200,0.4084719473247157,0.5569507693863809,0.33625112108289656,0.5160788467775884
201,-0.15530863279057092,0.25455146768748,-0.2536055816045406,1.1784393573538312
202,1.5646955023241673,1.1868668188677385,-0.6972609471278948,-0.11736203973077228
203,-0.3545772539485622,0.8728869582060486,-1.4477720069827567,-0.04875867712642394
204,-1.3460062242166742,1.000407986670905,0.07743526722095548,-0.28180982663450227
205,2.1326100451066936,-0.0808856446695449,1.199282200847944,-1.2197419482993268
206,-0.1498929661459002,1.5007773785519007,1.3218047769554302,-0.5980686230222664
207,-0.8860431364737732,-0.12176659116592486,-0.3185962244059924,1.3266065144255992
208,1.1818934435237594,-1.386261941059249,0.3616838592954016,-1.0589532261135621
209,0.17766235579634349,-0.6086381093123994,1.61737054521281,1.8380052843100556
210,0.018245725883964878,-0.7798369403434393,-1.3501150786777432,-0.9686341176687927
211,0.9463160451299005,1.7554927658477832,2.4263261057688474,0.09094293921738798
212,1.221610912756403,1.8394278057673839,0.0010925031179725728,0.4911766666909832
213,-0.8418979170886892,-0.14428744273651947,-0.4144940892784448,2.714549353780903
214,-0.20756452667846528,1.2076580482193449,-0.17110360018308557,0.14910090645153906
215,0.1235020715901099,-1.08782086831241,0.7693311771626143,2.4244328490851634
216,-0.3392210840679623,-0.6107285598338479,-0.5095919298232613,0.4495537860061022
217,-0.5156047004599565,-0.8124319485575638,0.8893004247641894,1.162546478553214
218,-0.22577217200939778,0.03721812220779847,0.16605031899653344,-0.8696949963664897
219,-0.3669983298655245,-1.3922497069933122,-0.6735000522190739,-0.02237520464083738
220,-0.07130294304302,0.034856037731274686,-0.39894954352285783,0.9890522165261996
221,-0.9545604726210905,-0.9768778989301976,0.9820138328508976,1.2364071009457138
222,-0.6438431410707489,-1.0732669139009745,0.2457787688371283,0.30508999706794837
223,-1.16436862889258,2.61918206404018,-0.6713040636903348,-1.2166590864459488
224,0.5066500920273863,1.3718808667008158,2.6007326907580963,1.7869359024515503
225,-0.6137233206747932,-0.8297758482401418,1.7510028705572558,0.46457595220663733
226,-1.065706528444603,1.4951098848390996,1.5052635341145364,0.5152562097947452
227,-0.17860702882365592,0.5198991385535839,-0.5884923402575011,0.25448093677934996
228,0.5844781315914187,-1.4131619142841283,-0.08614287054395546,-1.0839836629138908
229,-1.0761381113961868,-0.8979644546397311,-1.5862800113007713,1.3737475209812868
230,1.0381532175000003,-0.2260489186568474,1.6415592962157968,-0.7974979864333214
231,0.15347548149660967,-0.2071035658735789,-1.7609066312933235,0.0010278171924692921
232,0.23540294513035653,-0.28048195167332923,0.8320967156265582,-0.9494288700012159
233,-1.1442927672810137,0.9498735307069046,-0.1134663307829733,0.6653918229159188
234,-1.6392903476947744,-0.5740097226745633,-2.0053774818525247,0.2742078984304464
235,-1.0296181080763878,2.189939840698286,-0.25009039760326224,0.3809357705832564
236,-0.23614858723760807,-0.0456082549145477,0.0306215890410149,-0.16241659988659898
237,1.0660731515194128,0.8148055073489718,-0.12864674358814981,-0.24012236255955016
238,-0.9389527575123284,-0.11133816641283059,0.7380421849126094,0.7581203045932682
239,1.131286970099057,0.5089994737749919,0.38224149549846476,0.6362816785352473
240,0.16084195599211798,0.44329335292422095,-2.1176787080467148,0.7836093417838814
241,-0.7536704353549118,-1.114440448464289,0.8483712930184969,1.3062190135223757
242,-0.8280127283531541,2.019105958029546,-0.8309116895121282,-0.34045907807863013
243,-0.7742719621968143,0.9837053599952955,1.6000991629667651,-0.7077661820688984
244,-1.0591768887884885,-1.1384317824343804,0.7302616774625098,-1.2346515521885806
245,0.1618669268474356,1.125083297341669,0.05906611859386387,0.0201355271644575
246,2.2224289280236347,-0.7837822782693975,-0.21770688891610915,0.8648639055606628
247,0.1605230888943567,0.857759613318277,0.9237037776113409,-0.6667533874583027
248,-0.44416924571870076,-0.577303666318764,0.11302182891105038,2.601822125758451
249,-0.7479359602709058,-1.104370771875948,-1.1034417497453595,-0.43451454788077637
250,0.38378536736151597,0.5430007890198195,1.019170358825178,0.14531446680484592
251,-0.3566633360358072,0.4067308630928005,-1.3518679570168168,0.5221989320667303
252,-0.8042296317301064,1.0638258391975768,-0.40996248549698566,0.8507265620830696
253,0.7612141937394322,-1.2109105695696907,-0.03353712381176765,-1.8280939825497777
254,1.0091902630051988,-0.48332367097880885,0.9033722297834365,2.6737389120436728
255,-0.14286869226065352,-1.2720190919330596,1.858060525354019,-0.3047416222821855
256,-0.9941647854068931,-0.5099632952962051,0.8689950425095798,0.4040319808358411
257,-1.1644049194973278,-2.0251157911414803,0.18238270970155362,1.966830193934401
258,1.281646656361019,0.23533998716442486,0.5950171519781231,-0.2691613875501496
259,2.4769570224527926,-0.23881011380955425,2.6257196636113926,-0.41584407131246015
260,0.01705069782693938,1.158356141183197,0.33557534313438947,-0.1406557717806958
261,-0.9378821992181444,-0.5971165081177653,1.8881987159297302,-0.3088234075630319
262,1.4057927128480268,0.086467619387467,-0.6841463999505302,1.2876567906946192
263,1.035849623810146,-0.05395322841767971,0.17206655364220697,0.8753484119106346
264,-0.0526215214916906,-0.4716485335640903,0.08734275375691479,-1.634928361288358
265,-0.5296490522011358,0.8337851437933336,0.19418182805180093,-0.793106382956283
266,-1.9546345399056586,-0.486993149145793,-0.250915576588586,0.5560151671848108
267,2.595551942391066,-0.9157440298085542,1.0282662440332215,1.5555000414410636
268,-0.7874479107544023,1.0505394185615244,0.5688138096050064,1.262936611005325
269,1.2290958297288066,-0.1400243539998873,-0.08899322962171334,-0.05779286424328013
270,-0.51863457891026,1.4820469722649143,-0.6992375985760556,1.945926704476822
271,-2.070044939277737,0.8085860639188049,-0.0541786155728459,1.8365648180646341
272,-0.17405422887421948,-0.9498620973864058,0.23750449321763736,0.5490350158852231
273,0.8694487943698926,0.17907927789117437,1.1170418652995446,-0.7259003085815158
274,-0.9613622542482075,0.4872972015304303,0.09932070500122621,1.1669873646456004
275,0.052190782828267286,0.8377347237702021,-0.7615555969535979,-1.4111765405770489
276,1.638013524516135,0.6403336644556505,-0.15070149400918023,-1.0813830258877635
277,-1.9616313098727394,0.05739290598847393,-0.7026583389558372,-1.2569158502074391
278,-0.08676582490180633,0.19480691697650507,0.03221017496893065,-0.0008201575313605795
279,-0.7372546415930875,0.5325432777838655,-2.5825986289564673,-0.513281022454801
280,-1.1476428953363111,-0.10390791586706903,-0.7048759459925709,0.6120344615746363
281,-0.8234510243632323,-0.3410002823630128,-1.73923883879737,0.45634919339521823
282,-0.06812707360801007,1.8299572658277776,-0.12263971761439162,0.38926300846345346
283,1.5469324903059125,-0.37831329801850744,0.5520625627033499,-1.574317060057795
284,-1.925839416824431,0.5126081691244678,1.0880232275431327,0.7801143359794875
285,1.7738115998092305,-0.2779815379137562,-0.14446298769676594,-0.2647414950937892
286,2.112116319641333,-1.0618539180918283,-1.2392444320491833,-2.5408893803111403
287,-1.8376852704562525,-0.5431522381357875,-1.0166786933437486,1.9935736443727023
288,0.4392154996254384,0.4060911475268565,-1.0074436827509363,1.2685156404706794
289,-1.1478479403446709,0.5056523129396349,-1.8912574831654454,0.8085281007584354
290,-0.5354660930092394,0.06482776767699877,-0.13451121652709094,0.3780168424829338
291,-0.13029870414997902,-1.5098574599910901,0.5819163182266563,-1.3826977619454348
292,0.31254842452871034,0.8718817817173112,0.525502339581574,1.2448415710572258
293,0.04200036003721784,-0.5503266980115517,-0.5760799788380769,-0.5743279680890203
294,-1.0424195469929254,0.07460687477137876,-1.7565319131246275,-0.17483984885860676
295,0.2100059540873774,-1.5191699359902144,-0.6438477387164931,1.4552005375201469
296,0.3185821767689144,-0.07813002168756733,0.02128478940577835,1.4798492264826542
297,0.14995128932561827,0.6110750395346705,0.703903814238456,0.22212951055678834
298,0.7120719222937517,1.2071996057880023,0.6625117508385268,-1.0617290564758757
299,1.0434448341229883,-0.5046030066731363,-1.7622283763768827,0.12162832150430943
300,-1.0326784033371488,-1.8216706979711987,-0.14949006450365138,-2.8308630538206097
301,-0.03044390286888686,-0.20758054334241477,-0.8573296746662828,0.5001988509826645
302,-0.3713672080653416,-0.6762727629923725,-1.2624192384641366,-1.3397841198565104
303,0.5047423325953715,2.3886570715195217,-0.6401425205876073,-0.11427830662071033
304,-1.3330933601705914,-0.7344535395209364,-0.3401160923777079,0.36989198422320235
305,1.5680403680312112,1.7841573805637028,0.9438515611183619,-0.18075618648455655
306,-0.6540479194277574,-1.4932252241322392,-0.39158381319001373,2.311287277048047
307,0.36447953389394616,-0.14731898267618884,-0.6838615665873857,-0.13636003660721668
308,-0.1618585703335648,-0.8010773199319351,-0.012043743554730077,0.15608386176703545
309,0.028916585056862263,0.15605570097289467,-0.6935929416861305,0.3518932307001655
310,0.8457980010027347,0.39259989517435884,-1.4314657533925055,0.42326564628141766
311,0.14807265534872818,-0.2074977461012749,-1.1311732463502542,-0.1485747062587269
312,1.1088023933164677,1.0914005271868132,-2.188853560500597,-0.5071524806362763
313,1.157811317080007,0.5398510852194521,2.313117987405751,0.6221777136783775
314,-1.968708064896357,0.46206125776468704,0.5275047445570755,-0.32248655418792826
315,-0.17340957961273726,-0.4204315457737549,0.0893995681320257,0.9353878911874569
316,-1.3923271894066234,0.5507237574652372,-1.2708701520440204,-1.746124658466262
317,0.3365704022658364,-0.7670410145051317,1.3564514669448586,-2.095326881854832
318,-1.6951921890393942,0.7379988832068212,1.6680143363289537,0.21075665732884905
319,1.4273152269881866,0.6042092869115494,-0.8910524031930397,-0.4423591939650007
320,0.771411108660676,0.4278543780210096,1.5317116806694517,0.0427494938690166
321,1.2885344858394545,-1.331506929298006,1.4057632693374351,-1.0751280838535147
322,-0.8564549099990408,1.0053790354392689,2.504615733175794,0.1499453998746894
323,-0.1269573361460259,1.3998804889917702,-0.614908612267559,-1.400965989956732
324,0.598789277486303,-0.21000385360013765,1.2085880680863765,-0.4929043255880394
325,0.5652928950609891,-1.109794907954082,1.0302221877550635,0.7347710977095699
326,-0.9507511353983825,-0.9926793348522354,0.2282026245448346,-0.745798383019084
327,0.6514230359934905,-0.5290492758453262,1.9578973517160005,-1.1717485614522334
328,-1.6413986092779747,0.648440895658323,1.7581564039657147,1.0620274930470424
329,0.294349117316005,0.17570356899387027,-0.12836269544047194,-1.0399339866081325
330,0.7500121816267168,0.1730854897576787,0.9080447388072876,-1.0912952141632575
331,0.8328214077094154,1.6199113306119561,-1.2445227764632254,1.9844955947893652
332,-0.7070132972443705,0.4207678985058988,0.5206451934844181,1.1899628208151523
333,0.8815428496161964,-0.20463711173529306,-1.7372180546373068,0.1504142316676714
334,-0.24473702419919519,1.0527956362483768,0.818215387888971,-0.8546016425656301
335,0.36484995104403645,0.4477108917421334,-0.45300449161561507,-0.6375152283672899
336,0.7896731453377775,0.37542184884021135,-0.9817580939692133,-0.6701306477765476
337,-0.12714607890907154,-0.03379635033245353,0.30911234321815184,-0.6249469281190719
338,-0.059175138142062475,-0.08397348263620502,-0.44688745173212774,0.33582676918460025
339,-0.4144597359861134,-0.18325301232260896,0.12521643293219026,-0.32142015410355623
340,-0.6563993753856712,0.6262870679555081,0.5834605208364472,-1.0357030568304546
341,0.004678887992643445,-0.20049107470589897,-0.793683915025068,0.6670981294377853
342,-0.08149764614800378,-1.0045083161626995,0.18419545943452428,0.8436940297347323
343,-1.844851830740517,-0.07239129491229482,0.24412831420481304,1.7822857362005686
344,-0.6583450649383801,0.7741835433204445,-0.6422347399964371,-1.5060960198660402
345,1.7182828642716266,1.2704822175949784,-1.361714224035078,1.0217054580057658
346,-1.7263315982265397,-1.1107815295289531,1.3777234654548423,-0.024937983353335105
347,-0.5900629944659069,-0.5558979652953837,-0.5134019839847367,0.8063767620874714
348,0.23183294516756056,-0.6325627196822939,-0.6391319596838063,1.0973475739865557
349,1.4365727533156674,-0.44046902163356716,0.431011712508474,0.025293815348881605
350,-1.7131801497415107,0.23240813014136857,-0.11037838138771044,0.9802048862384437
351,0.006063851129546728,1.2171367395621628,0.569014900829018,-0.9155436906374598
352,-0.0635329648130099,-0.8762212455612783,0.05704474056070031,1.6223379299216714
353,-0.20805093481691656,0.04445015479265254,1.1458108542697758,-0.8916913711217217
354,-0.22641074844319065,-0.6763477955929695,-0.3300059135542081,1.0090358496619625
355,2.329608626590571,-2.1421365911229833,-0.6955769963602451,-0.7841261371051935
356,-0.62795995389982,0.21203413324542442,-1.4770687528954276,0.40576312527604586
357,0.4300226057412681,0.8333427592662068,2.240433920473727,-0.8647056954994157
358,0.0735981053819278,-0.690072259700657,-0.8970464942828816,0.6989450916508078
359,-0.37530119241608273,1.1182546379825995,0.2838357927506514,0.7655130170577266
360,-1.353932603980107,0.1936936959618083,1.1728666368163974,-1.532819866752604
361,0.5151702953524825,-0.24822972369657129,0.9409233103035544,-0.5661242614938051
362,-0.7538813394059292,0.3143575984095351,-0.6179646507752083,-0.9668541660142371
363,-1.1783321383529657,0.9378946011661606,-0.39597653723955306,0.32888197136854597
364,-0.9535521033252806,0.7881403783257087,-0.052567644841953046,0.14325796078314443
365,-1.2359950057694646,-0.2956651095825904,-1.1433309404077439,0.5615854504023273
366,1.1758709074738407,-0.2705066428075864,0.5977179773242963,-0.37112629606958203
367,0.18040474826306616,-0.6965611919920365,0.46183222551312453,-0.958457755959394
368,0.46735061040375736,0.10220132710293314,0.3286563308545793,1.4266685308268274
369,0.09034490727565446,-0.7876772186431825,-0.41015169265133455,-0.8433302330836306
370,0.1679777377734172,-0.005286174509943424,-0.4280931979539801,-2.6117251358248184
371,-1.9162388893189573,1.1608945970126725,-1.4912891052596506,0.7364776425489912
372,0.3971317527393781,0.5484310363723116,2.3560529792225138,1.0295168899751903
373,0.305905850772424,0.9574876349055637,0.6304827402663278,2.3110121246529136
374,-0.2609408299236321,2.7291135532032813,2.114926204716504,0.901218526704743
375,-0.3342498242180088,0.21434408143387432,-0.6884248282785175,0.41129491940854346
376,0.5377219233689309,0.26740162004211604,-0.19442662426090646,0.944011494916875
377,-1.832643015346982,0.015842681202900426,0.39975770174096403,-1.0745879649790355
378,2.3125415965603713,0.053926743600800596,-0.37373571641173114,-1.0242253964579675
379,0.08654032271670377,1.2722956073147804,0.9954629289825113,0.24109223962843077
380,-0.5624888606618494,0.5336216902534844,0.9569163239704723,-0.015413033586621973
381,-1.303160601442987,0.06675445899682114,-0.012438847616259121,0.25834322598059223
382,0.43819592576064276,0.16194689282472224,0.9520355236270229,-0.8970007153880629
383,1.3626817397126547,1.594342430761352,0.8976058581736748,-0.586958363680575
384,-1.0680095689861997,1.7838934615360245,-0.632225552771591,-1.9590990901112841
385,-0.7350518455339676,1.035679401040644,-0.7697468453880739,-0.28259221894013636
386,0.7212965564973866,0.6072721276435896,-0.023716718301596558,-1.3774028963134013
387,0.1344588288966261,-1.4330645223542167,1.2724385547559456,-1.46731291530028
388,-0.39869267221601895,-0.9676568098658733,0.9218178150249623,0.8307109295836264
389,-0.31508660684717205,0.5434519012774481,0.02577715881758378,-0.1894988048246089
390,1.1485992886734264,-0.02101868618079127,-0.0684513416858953,-0.3551589171200501
391,1.0244811344940952,-0.9158526791888434,-0.11363591231930932,0.44271676043095365
392,-1.085048034193502,1.3396754721158357,0.5100236417456374,-0.6804559303560341
393,-0.1809059670447638,0.13217021177974922,-0.3753976927988141,-0.4231342489093163
394,1.6382192980504926,-0.7559714916306828,-1.6132387979151097,1.0720818397499445
395,-0.5049041515980545,-0.24362989143836333,-0.791059268123645,-0.7665157326260258
396,2.083488771002141,0.8121862805148693,-0.7742517159748744,-1.2837106183011646
397,0.08113682804543636,1.1153310240726364,0.14817216352838486,-0.3535184092064323
398,-0.21883582502771984,0.8574767809500784,1.8101217020094087,-0.93920274974181
399,0.6796122605098291,1.5203450645371723,-1.23543775447949,-1.6197221994003985
400,-0.05512038070010944,0.04196747682797162,-0.4839651075845263,-0.5281796011795165
401,0.014773725300860109,-0.4854323325490165,0.12052413004857203,-0.07636307239188801
402,-0.13651614358204903,-2.0302621637996316,0.06461347335916945,-0.05680220961084356
403,0.45688508899002017,0.7849396024599969,1.3812267129527642,0.5942758339210796
404,1.5843238193007603,0.3073308037873129,0.3707446234606317,0.2785858443946068
405,0.022969517144228856,1.2209452906455576,-1.0787604929538148,-0.7592376501537548
406,1.506351807915601,-0.14169624510830192,1.0388500151126339,1.194995572692912
407,-0.7292578059037313,2.056411751249198,-0.48134013597668135,0.14093772271409927
408,-0.2894372881297969,-1.3680215776763802,0.022615150938554686,-1.8005513908620798
409,0.5028743518237941,-0.04392541760862382,1.5071754189677855,-0.5774572565554069
410,-0.0018395836637230627,0.4347492506093716,-0.1515708251989739,-1.0356923762171728
411,0.2575919007717564,-1.1006924310261763,0.28498789970582183,0.5577746009723212
412,-0.9174134973117244,1.5250048253026895,-1.235484551830146,-0.24458975705439476
413,0.6783169061689988,-0.9468272823223759,-0.43977639507794114,-0.280376927532684
414,0.1964978529596428,0.012029396212459,-0.1905477911310114,-0.8153525388766815
415,0.19398787199615905,0.7128855659504378,0.34504916054221174,-0.7450859929637154
416,-0.4557195560966958,0.08153910428692722,0.5594980196210848,-0.3827617785976168
417,1.111051989883201,0.26530826645948696,0.7483299158684318,-1.3318783828865672
418,-0.5118436230415611,0.904677385824274,-1.4808824590089702,0.1952485852118659
419,0.07669948304418327,0.06578913515427916,0.7855054258768595,-1.3432229520680536
420,1.1125332203258202,0.9014546195990416,1.8001985060384404,-1.2036912407624105
421,-0.1328170400494271,0.7549563219897703,-0.7917543465560389,0.31078779452632904
422,-0.1196573683081757,0.186823857436429,-0.26099321229131794,-0.8547967470658685
423,0.5237716902605615,0.5050348180786073,-2.3289691442884695,0.432667391852825
424,-0.38252035194869405,2.4393801815107143,0.18413441450226364,-0.5644531678870831
425,0.9024436428462117,-0.08919777055709971,-0.2977795726567992,-0.1381799478958715
426,1.3760044747023723,-1.4367606048670225,0.45793016389216956,0.1448192292547862
427,-1.507368654437286,-0.9232745562661301,1.7200098996938502,0.5766188037579278
428,-0.09044542924141814,0.3630392492606828,1.0833352595589747,-0.9312250030256013
429,-1.6302759907356563,-0.2839513977596547,0.1822929644782247,-0.2863572834134445
430,0.7826562730898836,0.0828341914574977,-1.7048873460060399,0.32236490585854316
431,0.6855669564405237,-1.8267765298888334,1.1375520285545797,-0.6330799496286468
432,-0.9825832304861596,-1.7661318806133823,-1.2411925532485624,-1.6147514661795797
433,-1.5020813911996127,0.05525727729437214,-0.4355542194726601,0.022678641137739566
434,2.1271243696045987,0.8701204206756108,1.3364475916930008,-2.8002792183660423
435,-0.6392216842803692,0.20903625363213127,0.12268906055002059,2.1898500964963197
436,-1.3791735680088395,-0.7377626113536192,0.7525163759782411,0.4011708798374266
437,0.4274184725657407,0.3276052697114829,0.1964373679472278,1.3060685065113924
438,2.7103946292574825,-1.2290601018693774,-0.1493339478509967,-1.8215984112870152
439,-0.7104410906850833,-1.366806948724588,-0.29426841333027237,0.14220358683882078
440,1.1865920997389274,0.3927147981669694,0.6419310826492463,-1.325149792600693
441,-0.4036753100600178,-0.10462139693655714,-0.46904110540646077,0.47132465814589186
442,0.7246850647703512,0.24299042535900509,1.5883692715854956,1.5531649593762882
443,1.817612971983762,0.5863659375092632,0.3239260619452355,-1.4908325190215648
444,-0.6921584833254242,0.159947332988494,-0.9298555265705817,0.23064348033529178
445,0.8018029120300763,-0.6347766493112406,-0.38622795508380153,0.8921741947098516
446,0.7804925690670573,-1.132799758035987,0.4443923623967624,0.18944902824408277
447,-0.7895179936743095,-0.5608141911830626,1.4311866928326524,-0.3031569653034991
448,0.7678342932265452,-1.60917772780381,0.757658075533468,0.5039178744589122
449,-0.1830742167743026,1.1150715376048888,0.9592664915611258,2.126901700068715
450,-0.5728629399098244,-0.6843721521748889,1.7232109158916087,-0.3168188344117658
451,-0.2894810863008524,0.3286482522524875,-1.259697959339807,-0.1284531706039137
452,-0.9858860357625754,0.967943855485563,-1.1098312977156077,2.2694406085972467
453,0.5284170558275518,-0.05246523344414698,0.35402823775424913,-1.6799277497657266
454,0.5681125302138812,0.1775341030114126,0.19538478211876906,-0.1182836012056443
455,0.554172498100123,0.25872213324935306,-1.1952819125011724,1.1276388768466719
456,-0.2927088682354335,0.4879983680537625,-0.35741959647525756,0.8711349592831751
457,-1.1387717189739932,-0.0018037988566698081,-1.3661776408409272,0.08026483411779624
458,0.7756731088832314,-0.4541752481982507,1.4800821993077815,-0.9917629849244078
459,0.46662291283629365,1.4986607271357606,-0.7110956037641759,-0.5548410330273134
460,1.0395734955200466,0.4974657008494593,-0.15374579983878367,-0.9021442783249414
461,1.404759144637322,-0.030024227616570125,0.5633093205904617,-0.87425489552305
462,0.036628884028666896,0.6648054099469662,0.9756832703129527,1.2280861006829993
463,-0.751969626631899,-0.4412123006455343,-1.421397529145442,-0.39145809116555036
464,-0.06386222828903126,1.9560816874985592,-0.019562513131952272,1.0498469517218099
465,-1.3716086973007235,-0.7774091098880311,-0.9671104571030922,0.90237974190761
466,0.19868300163968633,-0.36586552015745916,0.5804949852676441,-0.2815904571600286
467,1.2228292045260285,-0.7533805862251863,-0.4049084852947283,0.2278074069896901
468,-0.2684315540599669,0.4684621408476641,-1.2513638562847185,-0.12260398160754607
469,1.199519540710403,-1.8057572065927388,0.17584422601387212,-0.47835711371606787
470,1.8354951007642903,-0.10180880898038136,-0.2479972785709091,-0.8491863966729711
471,0.3038475497918486,0.25583410071232354,1.3953487713229324,-0.14554382181651807
472,-0.20394487051710275,-0.6311955499778783,-1.107429359305923,0.474818573994721
473,1.029343134192131,-0.4849803981149275,-0.16073551316760204,3.095152727701186
474,0.3613650582297142,-0.3636099506669314,-0.5024659149579266,-0.012283459202772904
475,1.2693227560185425,-0.5971153136881099,0.31461027367454136,0.01182678192458299
476,-0.5055744320576732,0.4672353521085051,-0.5348212611747358,-0.6239824500903701
477,-1.2292907944722054,-0.12812833084731132,0.35633827515072164,0.852187379143181
478,-2.6758769588320903,0.8366889074938906,-1.3534560497523738,0.20408162127877527
479,-0.8605559530512639,1.2326296076991765,0.7855558764418384,0.650737196675269
480,-0.4691123904388931,-0.3909415643031905,0.7287675935517683,-0.888593198036867
481,0.7478761521419613,-0.5918113451794716,0.6770840424213344,1.303954859405765
482,1.818781447784215,-1.1547187236334149,1.5432783285323612,1.0158596975858833
483,0.26746914438216174,-0.9003090005773857,-0.6489866435851838,1.2132576820924037
484,-0.21486353918502074,0.2958619366567685,1.198279169404095,-0.25262221638884125
485,0.3755289724932762,0.37858594426919967,0.23083197167000938,1.598282980572513
486,-0.6544898419836658,0.05967830374716617,-2.549222865191542,-1.8839976719876133
487,0.9394586668823874,1.0346826293213789,-0.7259570702811629,0.9221285533179613
488,-0.7140992841750832,-1.1068679000844173,0.128428013348534,-1.523491931077408
489,-1.184219113362472,0.038219308217495605,-0.993291418527562,0.44658609465859617
490,-0.1701831304755978,-1.5031462238701745,0.43407124658999824,1.3278305678670745
491,1.8761361439313122,-0.28936009446737193,-1.5794400377845303,-1.0986669858554732
492,2.1635767604927385,-1.3430224712352559,1.1362600799656781,-0.3979423400318594
493,0.6993785598926566,0.6312715360187114,-0.8124659329132203,-0.7182065073490428
494,-1.3273030599934974,0.5496804668543775,-0.19112457956360088,2.1107683342032337
495,0.32222723539915327,-1.0554498696011083,-0.06718774485496669,-2.137652864155072
496,0.021015239238075842,2.214623146951042,0.16270060603918804,-1.3026634032069098
497,0.45432815654532666,-1.3906529144614148,-0.06439385888562765,-0.26617375703322843
498,1.782760686510281,0.2935839760409133,0.2428536696448887,0.33779593886889575
499,-1.6071681988984265,1.0248989615008406,1.0726032346059757,-2.188721480013434
500,0.22196397863439637,0.3923722374836987,-0.37183090530589774,1.3494195007284175
501,-0.9556001371031629,1.098269450426215,0.5966881693872187,-0.6451310617545121
502,-0.39664111814669895,-1.454987272092581,1.3520928569825894,0.7973357888355049
503,0.511722417538604,0.07799409358995071,-0.9700514434589531,-0.18471268746527503
504,0.9672005794005349,-0.36210911691410197,-1.1500941646247904,0.6299632839406052
505,-1.2330505143177417,0.15717129121693177,0.3205138402762405,-0.4635540479403764
506,-0.36736994413986285,0.6006569180411889,0.1272759155248522,-2.031800010725436
507,-0.9146141363750029,-0.30384233501438274,-0.52703794635256,0.9951847813447405
508,0.7989126853953189,1.7418483075517588,0.9927514782283106,0.6362473255094144
509,0.04662981229544766,1.043675352653146,-1.6250687593055835,0.9084242304553645
510,0.3887285351324895,0.39936125929230304,0.7810050258811161,-1.3582174012922383
511,-2.0783147179211676,0.44925403373448086,-1.9646135282329,0.05692781201796657
512,0.37761110400685954,-0.6546375813246251,-0.2644574500348804,-1.8481878117036903
513,-1.1352016718301103,-0.3205439348834103,-0.6630891399259665,1.3879557334133583
514,-1.1542240595324111,-0.1879532984971304,-2.025750787826559,-2.4760334781125173
515,-0.3904012874550781,0.2620597643025869,0.5022835900600005,1.0956607218291672
516,1.3837643449314718,0.2596397894924259,0.9772976791172484,1.4495898943974528
517,-0.6152046060112116,-0.37815207924880634,-0.6476026331173232,-0.4002872422525638
518,-1.4438304551904222,-0.6997120827892276,-1.4808237635590773,-0.8263540933344189
519,-0.012551980370727783,-0.10251999677497757,-0.7461333584618481,-1.844821577417015
520,-0.22802234710551064,-1.674063188840759,0.2337560471658849,-1.1440231835131127
521,-1.1844211089102898,-0.5600623572093982,-1.0920796933697485,0.045535991257525554
522,-0.0064382141928723165,-1.0036429135018852,-0.1546893978985189,-1.375436229275076
523,-0.0781249424220247,0.11575942498863886,-1.3456120610791427,0.04554585519519633
524,-0.23742489638583458,1.7681507648477273,-0.24816410212296364,-2.345502085602364
525,0.1561531664356865,-1.0758892533580569,-0.9551917148737769,0.5764819020773961
526,0.19725529157681532,1.2393386721973634,0.4470562414575265,-0.46477081627000677
527,0.3712729728207106,-0.551426763361657,-1.1030300584437993,0.09424793722183672
528,-0.5025471508786742,-0.889173046624745,0.3641423054505043,-1.1832752878904484
529,0.29369567298425453,-0.10493401144944393,0.396289354132475,1.229865387492468
530,-1.3879869905732858,1.863268147541176,1.451349070763652,-0.3409445548733723
531,-0.4808141032155628,-0.6016625795366299,-0.48306393023949157,1.3240121798634272
532,0.18986138440889858,-0.20878744389960774,0.9119149808064317,-0.9514629085914542
533,-1.055438942404296,0.4616062721676987,0.6071445266094634,-0.992338803074429
534,-0.3412629792323421,0.4761104482084405,-0.1877715799338984,-1.2271707341358364
535,-0.586449019815633,1.0181075150702945,-0.6416321539694264,-1.072034610159179
536,0.7966079105654641,2.7300887266736584,-0.07323651858080654,0.5429973996262972
537,-0.5608940781758998,1.5197958966026046,0.2898286537540913,-1.9029410092183447
538,0.9772581339507879,0.5093426600739296,0.4880634985839869,0.09332245400331965
539,0.11334840967533844,0.8453779960535823,-0.3757697305898252,1.6983790496273552
540,-0.33045671007153327,-0.31391012604657786,0.31038605489546217,-0.9912402793763717
541,-0.8802355607015374,1.7841290764871642,0.8666868227120386,-1.273651335723967
542,0.2295832609731555,-0.19492507167762754,-0.08544982118867772,-0.10856410318804603
543,-1.6577723016551171,-1.0551010305381137,-0.5064021372866063,0.28761330765413134
544,0.9365641455260004,-0.6138868758889534,-1.455590419252767,-1.5029879985770016
545,-0.2801532373210938,0.02795813186516844,-0.4705653325200993,0.007875838359020032
546,1.6605989566279744,0.30818906235447696,-0.9864658880103728,0.311536687375176
547,0.5430838001576206,0.6938163147585962,-0.10322319883253642,0.9254369853264106
548,0.978139752845476,-1.0005664421081961,1.3009202860577378,-1.246983602287023
549,-0.6642040180745148,0.8208537867015648,1.7781730183955031,-0.23654444017658807
550,-0.6485692130240356,-0.41645672849552223,-0.4621037185391176,-0.9764753021274393
551,0.2613084730363118,0.06377724273553209,0.6378476115600131,0.00016890299919699429
552,-0.4323701341217693,2.852699234782422,-1.4150215573272251,0.21623540631321594
553,1.0055707389472441,-1.0264792429545415,-0.04141580556185823,-0.5958344899160664
554,-0.4591515685144867,1.565572175515635,0.2245504710664191,-0.7525529269698752
555,-0.8030003592269266,0.43021277844780015,0.422494866813362,-1.7843018716652737
556,0.38030166643686514,-0.10916840274088192,-0.8146680522022378,0.49117956751517783
557,0.5419655981746708,2.9222018409757142,-0.09585843263960277,-0.4868751421062478
558,-1.6717613438872598,0.029465051753817636,0.2813738508910941,-0.9946516945776255
559,-3.3332758467137134,1.0268832304732687,0.644735151614028,0.741481284556985
560,0.11778540311329229,1.4711472884332923,0.6990121675174943,0.39241121088691927
561,0.1224357128915184,0.8235161136121113,-1.1097728875227801,0.47187125468488744
562,-0.8664587879781639,0.5638715713660306,0.06349405808716944,0.5220490410583835
563,-0.9564342989557806,-0.6420289930279135,0.8835819749987354,-0.2351205234087183
564,-1.5893312586527215,0.1899097788445165,-1.7966278573182655,-1.8448327560452
565,0.127213986072665,-0.25009372717328315,-0.08806044488417297,1.1274406978263793
566,-1.8634518032484597,-0.7802654357725713,-0.6279073422357522,-0.724254886847507
567,-0.07766860151184182,0.3831987925651757,0.6135915790453239,-0.6275896006526626
568,0.7428825427178052,-0.49317026566255057,-1.4445681599341123,0.2677166805039911
569,-0.022595416709617722,0.2615438076672317,1.287883832738452,-2.3127966151801482
570,-0.19210528388776899,0.6587973917861057,-0.2873107245409629,0.6169481893806238
571,0.4834806271740252,-0.6559582186196209,0.22372158355051125,-0.9076241895399654
572,0.3268286537653136,1.2585596486727049,-0.7832376525494007,0.4707911216067962
573,0.6251218531679633,0.9147098791239638,1.0064332181186466,-0.5681128341279987
574,0.6232012598303409,-0.13890942991929464,-1.4035928606984005,-0.5297374410156324
575,0.45316513046368406,-0.2659111449053584,-0.24332405324002326,1.54502889168675
576,1.1197031515950404,2.0344501946100846,1.845002698075584,2.345604431209482
577,-0.5633329051428219,0.28434249623299784,-0.37629431669595603,-0.7108773746682652
578,-1.392610670615586,-0.6555706176471979,-1.0171290300283404,-0.17697269422382456
579,-0.5348336337045213,-1.8965851962655031,-0.8471631983471042,-1.2137864936009748
580,-0.3675476823651218,0.3484316343648155,0.3447305756757175,-0.5107618504623274
581,0.36294130328279656,-0.3864821248832169,-0.09983372207196922,-0.6564409033363197
582,-0.26568357433000367,0.41727427308302883,1.0550083376797523,-0.8185801548825455
583,1.5061700692293025,0.33163180237061846,-0.7142955334974216,-1.0726177867458317
584,0.1904127559544713,0.3770626609760263,0.3713814223312522,-0.3465908853905288
585,-0.44227431238592135,0.25629155024023886,-0.2733115372104995,0.2699679707793179
586,0.4708818364210199,-1.4966984083183077,-1.141323798533371,0.9865947556617627
587,-0.7445856498222573,-0.11598771286425126,0.8859911060029295,-0.7828226620417246
588,-2.123004122427007,0.6444369245253545,-1.0740317300183557,-0.44001350634331393
589,-2.331264004379815,0.3536412871268619,-1.1017668302719594,1.7215877169613791
590,-1.846926548923612,-1.2635799051565437,0.028973454812378088,0.23698515709003076
591,1.427046297969002,-2.437968080067831,-0.11544770466489251,-1.8623870650864742
592,0.03332034945996312,-2.2052045547633137,0.03694635735095257,-0.5249433766911338
593,0.12071840290175569,-0.06947981273046284,1.060782775634383,-1.4409994853965993
594,-1.8124808830620567,-0.7053448022517884,1.2642410636194412,0.08215878044831981
595,-0.35617034544759774,0.8432642753132956,1.0341102123734744,-0.415430614332622
596,0.3081981033113939,2.921845281033429,-0.6876719884018089,-0.47063827675650405
597,0.3163317669346109,-2.2397294089551285,-1.2928955205765433,-0.9835659848841858
598,-1.227642569538354,-1.2266260761154735,-0.8242035764229133,1.1382307020841522
599,-0.808510005037151,-1.2610815854072766,0.171688219450719,0.7088015666260286
600,1.6533047230173723,0.03794398947636124,0.9877380843783351,1.1469313040475952
601,0.21161695489010066,0.40359477028164015,0.27034629556809087,-0.6219727033812754
602,-0.03846902493869454,-0.34027235534627237,-0.017323569826152605,-1.0010413363469184
603,0.18046527924826777,0.10852620649598103,-0.8716290052383895,-0.4421658599296015
604,-1.2380672057205497,-0.5433736987266953,1.83266356388966,2.2946819020097284
605,-0.8467871554500291,-0.38165282299234304,0.549975033846768,1.6692490696577276
606,-1.320308748699079,-0.843768129668502,-0.31535476872651774,-0.8477068125806477
607,0.3244919556188539,0.7718941558658926,-2.0815764718272036,0.0647585586773876
608,0.1981383866998867,-0.5649418035013117,-0.9087677709981403,0.5933173846058614
609,0.20075658040087277,1.5007622366126643,-2.8367438747562588,0.33547503476473195
610,0.42963221329670914,0.527095375961799,-2.116426640927436,1.9850961099324884
611,-0.34978506524674036,2.8245901282846897,0.4970525772414925,-0.0607698607791021
612,1.0522141697113454,0.23563554024006708,1.6919120512853603,0.638700410225694
613,-0.29496175750402814,1.5963116107154312,-1.5637678608742,0.8886374696897478
614,-1.8987474484525653,-1.801792156707266,-0.18070531973874115,-0.3642223858866257
615,-0.6526381059172338,1.3963590665042778,0.8022377983396946,-0.25385870335609717
616,1.212404198797922,0.37413490466218147,-0.3008718787765921,0.33125623510087177
617,1.4499549779413121,1.4579884653257904,-0.49960991452278647,0.4660990433178611
618,1.2732821107407426,1.6039558496837665,0.5097792887419982,0.9398302687983262
619,1.1406826126974228,-0.8985736508086856,0.1219215354869313,-0.02578569714636412
620,-0.08797638376800511,-0.1767803069316746,0.7843453231433414,1.026568327057814
621,-1.8826661474017143,0.44115228479252655,-0.7561855904393625,0.10110962029658774
622,0.18469952155257538,1.7994789573345777,0.6989622005175387,0.6419835432628975
623,0.6609411041681382,-0.34545197635227154,1.1468235005645295,0.8599649623875105
624,0.6048802664748247,0.4996121244325026,-0.8126320134219815,0.7222532762637409
625,-0.5361352906270335,-0.6292091473598432,0.08231154544545269,0.9816249283676474
626,0.6896962190764079,-0.38641312980060627,-1.1129614080638353,0.7268100768281188
627,0.19682403639474205,-0.15152415041790815,0.3244750010087336,-0.24964445712634814
628,-0.7935289290146171,-0.6570753589974695,0.11469547222510743,-1.041306365619436
629,-0.22298018792193441,0.3585803242723893,-0.11165925994161886,-0.7484100425879134
630,0.2168455206018927,1.0914806218326651,0.25909905837991376,0.813123044977027
631,-0.6164134848331965,-0.4083734958892201,-0.054300182968137815,0.9288091545547551
632,0.9986797498190142,0.6769027814842873,1.445775962635546,-1.539125415588049
633,-1.158407969562515,-0.4568704293039064,0.39699681195512065,-0.6896050472904526
634,0.5816674655072718,-1.6685063504509714,-0.19881343776647298,-0.6360256822970861
635,-0.2218076063827411,-0.347472388037447,-1.5631182704393014,1.0134629534398363
636,-1.0391711337500755,0.7864869017572749,-0.5913624320010302,0.9858012366201353
637,-1.0751031834129956,-0.3934913307321852,-0.6537724586422287,-1.4702561287376843
638,-1.0042149783457077,-0.45425769249064446,0.8415447115249751,-0.2684923302922597
639,1.0355087935694622,-0.13674383236029,0.19058914276778463,-0.18104418986065246
640,-1.060234165495178,1.0331030648555442,0.13296903268456975,-0.24495493725515116
641,1.4738949677532227,0.37196540161820785,0.39680716043551145,0.038865584522675606
642,0.5731738321363771,1.3709113070629957,0.6916056552159924,0.0857934330373206
643,0.7112324036139057,1.7732553011771037,0.28820972022897834,0.4568139049593697
644,0.3868455768047217,0.7785449300628375,-0.5853525858468903,1.0584829162348879
645,-0.3483429339341867,-0.1401499985259936,-1.171539082052013,0.08002910465673953
646,-2.2316312380935655,0.7987749862782458,-0.5800134979207283,0.17491955051269678
647,0.3064442939778317,-1.2212803443882836,0.8382389813585865,-0.06427663630992474
648,-1.3659490466341635,1.2127577392645603,-0.39871021531721174,-0.062286186702999506
649,-0.6269846506666602,2.2754349296209058,-1.2820428491970417,-0.11855235876847928
650,-1.5935286697920699,0.1872680156927236,-0.4592080284719543,0.6537759943672752
651,-2.7804585442182295,0.1330183871330312,-0.7510033590448864,0.544071988882747
652,-0.6715596642393615,0.4369008538194285,-0.5107660575762121,-1.3168369504723325
653,-1.7358818296711054,1.4297601860380227,0.07380840056873392,-1.1385228016986402
654,-0.48884002935709375,1.5991956192064725,-0.8086854777078741,-0.4324447137922108
655,0.6718050368590812,0.8461517615989079,0.9651517235559213,0.4764696915354334
656,-1.0499617123833012,-1.599687172806079,0.10081499171709661,-0.6509040574532488
657,-0.2473387746589737,0.04029592036328407,-0.6368265759721814,0.9847636666579296
658,1.1235082583303821,0.44005357523881566,-0.5789781403184182,2.1035463656364777
659,2.3393798302012736,0.35832504974075097,-1.7423276890807995,-1.0120437669409144
660,0.9585772300448215,0.9340478794739755,-0.7099609409325365,0.7291845959538886
661,1.0512123237427737,0.7612685742345713,-1.80613553901331,2.0194933936978483
662,0.9367615129708012,1.639484517057065,1.3336908353559802,1.8353590560947985
663,0.022099564877136716,1.217863388856082,-0.6389062114294705,0.43340415816828165
664,0.17845593698174592,-0.7412317764753246,1.2697377924614697,-0.33824696819170913
665,1.530178066850405,0.6521734051006346,-0.0610965232048361,0.47844781822890653
666,-0.6311751169110121,-0.57972552306566,-0.4840862731616873,-0.038222012419128565
667,-0.9800321593577492,-0.9507593041191876,-0.43604610830500595,-0.14419729283207658
668,0.12003896360172478,0.9138547642040183,0.4064304634664581,-1.090835015914925
669,0.2789765124371442,1.7068586111562911,0.3294497886781593,0.6493533212372814
670,-0.4882922773138174,1.3465534410434454,-1.0238532917764784,1.5982586017137665
671,0.27862330423521997,-1.5301101146385905,-0.38224923819001827,1.3498315682000583
672,-0.10408093145395765,0.7356911370725167,0.3040455931230528,0.293357620392609
673,-0.6786995924595784,-0.012858957815088811,-0.5569709386199158,0.48000574920195627
674,-1.3687460333691108,0.06256295359889344,-0.711623402532529,-0.6501047041256465
675,0.5171871113878301,-0.05692578869629998,0.2003809770835012,-0.477275593058773
676,0.41486070309834727,1.9563981322398496,-0.03407376395409356,-0.6936473004498828
677,0.266443525121758,-0.766046935746247,-1.5863490576164405,0.3472159523530752
678,0.33149465189173916,-0.9436606500197935,0.38971264069575967,0.5830451903186542
679,-1.6729592063271124,1.1592811975369133,-0.1950935409905912,-0.976043938451926
680,0.20807380342482062,0.22896456775365928,0.7210129090229792,0.2288075204802807
681,-0.34618075964148787,0.01138015726037723,1.5360600776983557,0.26098457063811226
682,1.704012558820009,-0.15136582217328873,0.3923315539801051,0.6310975606387198
683,0.05541255385544321,1.3294041507562804,1.026448111498812,-1.2367358613263004
684,0.22372124380463682,0.415057968788919,0.5388411989631405,0.7124717272720896
685,-1.4631488529861265,0.35938340805685964,-0.17730893654342256,-0.19928137820545022
686,0.6266206891743292,0.09973555573253662,1.571415697106445,-1.3425654540073633
687,-0.5418292094281998,-1.5419632173759532,0.3249359842680224,-0.47088474490330084
688,-0.42713615832565416,-1.8348591360883295,0.3673208303816842,-0.22895717121126474
689,-0.3418204836765301,0.6493447265063081,-0.17001854883358672,0.949744431053646
690,-0.9424345768685941,-1.4053456996183649,0.5713838365471734,0.0197093374718602
691,-1.8655865154899691,0.2803892870094426,1.1835497453888029,0.1824270744171677
692,1.2502725730566382,-0.7058510774812841,-0.4019999946883341,0.4330133016487577
693,-0.2537965805102155,-1.0809126571144287,-0.7121332822848215,-0.9121388364032823
694,0.7008245033623313,-0.6208744585486655,1.8891929722989778,0.13947671412129642
695,0.3920287035987867,-0.7518216841314539,1.4922968177677818,0.3329679886169446
696,0.958355966106654,0.20806453111574982,-0.37651668306647357,-1.9062683465184485
697,-0.17342726066649505,1.4102635234810559,1.989817376710759,0.5781629106087933
698,-0.13308360981725503,1.9722311629477,-0.3120716324854953,1.9669659592350908
699,1.011826520702809,1.6157506010266844,-0.15081087579579133,0.24665052535189846
700,-0.22359433924894467,0.3429297621964437,-0.3480532609995618,0.20863204808042216
701,0.9930094426867693,-0.5908461640834031,2.0027098631988243,0.47257645172432594
702,-0.1995828829880291,0.2657226009350436,0.9777152411782936,0.5826655785612442
703,0.4134660581324895,1.0421892131575785,-1.4794549133295065,0.5518778005383704
704,-1.6721182828177903,0.5586723888680584,0.0642315675884462,1.9291147398775048
705,-2.1049397093735145,1.190497926512766,0.23475236034177416,-1.3941957174877577
706,1.4588266814467377,-0.09729281725452699,-1.1294591747419225,-0.9110482195199703
707,0.857102646545007,0.14638378201690316,-0.7173765674618718,-0.3131649948320875
708,-1.4371303214042899,0.17477353022376393,-0.3101026467688927,0.050970750462466824
709,2.149665240807619,0.07138040417047242,0.9075964931869034,0.2558249803312507
710,0.9435877465076671,0.8579686437262368,0.2539086504309809,-0.19677490726300756
711,1.6803648057953116,-0.14007176968850762,0.9747131367935693,-0.13595859065072097
712,0.505405937853786,0.5279628587058102,-1.3270043114430574,1.4012546082413977
713,0.09272311712547239,0.3281777416460457,-0.7352340957828939,1.066051090833778
714,1.0400768623757162,-0.7281159090180761,0.7755440575796425,0.9642651743146284
715,-0.17969033889823202,-0.42721126542355514,-0.9129788282656247,0.7074361536060216
716,-2.6242681327252964,0.7374686762536047,-0.7894871494190245,-0.9532201076853888
717,-0.1808600571796162,-0.6972496942405453,0.9039697298107993,2.591828371831423
718,0.2897283640130982,-0.3527773694696903,1.8166771062171532,-0.1586053142215308
719,0.04392292370992337,-0.9259074887859563,0.14204763132379,-2.102537008009775
720,-0.2462048480829368,-2.343184449052498,0.1903621482725379,1.7118954205149566
721,-0.5787954160845079,-0.44108025521331234,-0.8618969429563214,-0.01345151259086034
722,0.5746141901578056,0.6606023441029497,0.34249650710605856,-0.8193877875564533
723,-0.4110908904670385,-0.8629837656135845,0.021029130342994487,0.25998790854510717
724,-1.144512385654036,-0.11984682226322724,-0.3064302552408736,0.3058641935547106
725,-0.3747482661445087,0.15819652981128193,-0.41750491510866794,0.6492201782600608
726,1.9387556422741186,-0.4635389010221043,0.2737822592222719,0.0742717737941463
727,0.6070280455432439,-0.17671188060636223,-0.593721227957161,-2.1898990816974693
728,1.2235461968599144,0.9989518876739346,1.3908798991588227,1.9282978108485853
729,1.075979470236349,-0.3345297395019117,-0.24347105344151104,-1.8068190516722589
730,-0.3469886807132992,0.20474382614091038,-0.6180876825381993,-0.5076869591730427
731,-0.2820298352710148,1.6695147065118985,-0.033728702199219904,1.0005602555946658
732,-1.0033850831631963,-0.11309324068377093,-0.38522453050016164,0.5321097629528696
733,0.6387301494758475,1.1831513750822156,0.7228570028224177,0.4484944561899925
734,-0.2953768612306859,1.8828312288288138,-0.147432187342556,-0.7151272823805314
735,-0.2884497815829764,0.5426834316356554,0.44811123345856735,-2.031522549498106
736,-0.4699728303865206,-0.912189076362137,0.3284973348770882,-0.28784337267168425
737,-1.1573680511847115,0.43233809177001015,1.3100298781336244,1.1335631073811843
738,1.8010514075771047,0.8759142669384588,-1.0244558329822706,-1.4923967275319079
739,-1.280879953701658,-0.6156126148846592,-1.0137778412153406,-0.9651794188425454
740,1.0916893919024901,-0.6203432808558823,0.8016684279716948,0.7878620647604732
741,0.32042060006540957,-1.3264815603159408,1.338810760396144,-1.0066259731854788
742,-0.41920551998680394,1.0114378088171205,0.09841193383406865,-0.7125589539741561
743,-0.5232208097230157,0.7477232432085064,0.40228129281814634,-0.902463224733468
744,1.11503003121792,0.8157570324844874,-0.3990479209922933,-0.8242768197267623
745,-1.0026270774524675,-0.974757558255979,0.10793321619755077,-1.2914289978000995
746,0.16967859443234132,0.29543554304945036,0.3803502585433069,0.6285230440012975
747,-1.6129117240083715,0.4939098620428946,-0.1341623579404393,-0.27336760575404356
748,0.09271868741713211,-1.6610150431205908,-0.8663515517909904,0.2757950035246538
749,0.4111529452227634,-0.5266619232210656,1.783097323022428,-0.362276028588647
750,0.9282261773619849,0.49792119179559324,2.0375218269550346,-0.2609875318258969
751,0.39993171349276796,0.06331636834212395,0.7001370370738502,1.3319975205416852
752,0.644589420993122,-2.348364654263258,-0.8344886066856729,0.1690784290639052
753,-1.19587568079173,-0.7590986706333813,0.37923055592389204,2.1828920803416723
754,-1.5915224786192192,-0.1300138756357283,2.2404807959645034,0.032742884945875295
755,0.12789758520656241,1.298132580267493,-0.1796842060361744,-0.4339814128964613
756,1.9200689511419833,2.4330133908690845,-1.1190387808681113,0.5138578164553996
757,0.9860512723895647,0.48804763882010066,1.5453773456527582,2.9291336608108116
758,-0.17640585170427475,-0.11979417632507594,-0.13698831018426305,-1.1378996729611386
759,0.2435925992586136,-1.148942658918565,-0.8233680377347647,0.7525299232522212
760,-0.3492394173486955,-1.043368380650278,1.2556956383360312,1.2375628278391397
761,1.8202055839572657,0.644575326074064,0.9396283513917427,1.4309508415078678
762,0.506485451905559,-0.022896308782327318,1.2217145158096285,-1.1764356533837212
763,1.1240228298508228,-0.3624680932293014,-0.8972361363820864,-0.0502031162891672
764,0.31191466089456926,-0.5946360491008346,-1.4097278060539946,-1.2937781099468177
765,0.9801285121663111,-1.3067376493495138,0.420373220579508,0.023068595330048333
766,-1.2173967860886858,-0.5798404398365824,0.9100342646363614,1.695791811691491
767,-0.3395890205784275,-0.2710069433301595,-0.24428731442917606,0.19516480914525955
768,-2.8542455915093483,0.025630837517791275,-2.139753333405268,-0.5311354693041721
769,-0.15829846232185238,-1.2614082329061898,-0.33273409772725826,-0.3998957699880892
770,-1.526205610882943,1.2723571091317585,-1.3644558864391299,1.2074421722406152
771,-0.044502549089378854,-0.957724091143126,1.2316326909478377,-0.8364303166915485
772,-0.669571433884515,0.16914075320051897,0.36594532477772174,-0.7687833912082292
773,0.9489353609432385,-0.6392317124299228,-0.010212490079701172,1.248001641678509
774,0.5431312943965491,0.3828363858998035,-0.23116397944725908,-0.3380399934693576
775,0.0035581724058042895,0.3616662052621158,1.3230506203839494,2.635441660471589
776,-0.4739161632458127,-0.9107757857909905,-1.2773874714686695,-2.1853169891565307
777,-0.07829200642324267,1.349612438497374,0.3869727778561064,0.10550314009763932
778,-1.2473098419950457,0.5101519709732535,-1.66862881946578,-1.0458544035396753
779,0.7867902655129374,1.1678527494780588,-0.29673852359604147,-1.1584529640584988
780,0.08951802373469307,-0.9655502919763599,-0.8220971809861948,0.31500448414350524
781,-0.1800051121568595,1.1065776060320212,0.6587717276750399,1.5749877280538735
782,1.6870441911167808,-0.39998356070734215,0.2708382851958107,-0.8244039655085538
783,0.7772288665553694,-1.3034181948502548,-0.23539061126809552,-1.3113870878000489
784,-0.4152529833688945,-0.40161659258303944,-1.7067364771880775,2.245234338031353
785,-0.028758928235628995,-0.2519854981189591,-0.16934606878073646,2.094295616064732
786,0.18956196977631729,-1.0074804003312932,1.0918853718185788,1.291979458654708
787,0.2858210186690074,-0.8780125896240685,-1.0049067082122567,-0.9221250592467066
788,1.1788685414895417,0.34671156194793173,-3.1603634769662987,-0.4676664556326419
789,0.33230047159070925,0.19745778769760053,-0.039871377799191574,-0.8914272127393549
790,1.3244228740929005,0.7912790562780417,-0.22157030837059555,-0.6908832334699537
791,0.6239570290924227,-0.7087639189235599,-0.6190928254872494,-0.9560632956501471
792,-2.038904498742664,-0.6042111980937173,-0.638426685347054,0.5394547414228572
793,-0.6209417025299478,0.6774412049650129,-0.557562068626229,-1.2768834183037465
794,1.8266944124458995,0.6131963515355815,-0.05708002761699853,0.47695229717215576
795,-0.5877471567178791,0.6211057802295279,0.12032447054670824,-0.15622654150767168
796,-0.9554611741962271,-0.8318113572490358,-0.134680520717663,0.41242908395518363
797,0.21629525111216774,-0.5811815994083113,0.14963814906809175,-0.1257726288233334
798,-0.950859512759479,-0.22641462579827898,1.8201497403099014,0.7146560507819568
799,-0.7703084298718057,-0.6252782581244817,0.8109722769641974,-0.19711252478108868
800,-0.6372321478473586,-1.2450285593547301,-0.5691281271152683,1.1708969146743997
801,1.4644948757882006,0.5908994396810601,-0.7689249143732619,-1.051911868340542
802,0.07441340039911955,-0.2091184804677449,-1.0346813127554533,0.29664565391672637
803,1.5966009742365566,0.1077004916079336,1.1153397407472354,-0.3101044149318531
804,-0.6129317390503646,1.4751997557873984,-1.48155543564493,0.06220219186368311
805,0.033982445217276586,-3.3812401024145466,0.07509076461550483,-0.790687055890872
806,0.7813966970053228,-2.0411158341046423,1.1713579593775512,-1.198302889710148
807,0.08720019540098405,1.395222082750087,0.9328673082368232,0.4974963816504019
808,0.08078311597418818,0.7145356647366605,-1.4426945932721862,0.5859681041597595
809,1.0058038477503426,2.5351203820805903,-1.3492249487719687,0.9348272789670335
810,-0.6653787351234379,-0.1759316557809011,-0.6433318587832768,-0.9103177285998572
811,0.34650024265573537,-0.4309754219671593,-0.6834458602773406,-1.9179470816176702
812,-0.395030275350185,0.4049247498072017,0.5219341984375425,1.221475070461643
813,2.1859420323407557,-0.5036824051386503,-0.1343433970567724,-0.04090591457641697
814,-0.24906649530992264,-0.6528965847456044,0.08488686928875229,1.2048079464082717
815,0.8010897543410936,-0.23043027635204463,1.0520706193655132,1.3736673370779091
816,1.2259970764042174,0.3443002200022529,-0.886330647758145,-0.9841272721247372
817,0.44309148391312325,1.0016506433955956,-2.1322693990321127,0.8019880507228851
818,1.3979197656924873,1.2724926713463272,-0.10248264243896563,0.5172834320430912
819,-1.381170501326186,-0.22481727898985746,0.4699643426342118,2.4855838251701563
820,0.06464309386314446,0.008960356358373785,-1.4539587572635047,-0.2843042111221242
821,-2.600014917550002,-0.8029494557344816,2.473486346700247,1.0244878127652355
822,-0.9828568033978209,-0.5868640460693809,-0.5667394285214283,1.0864963417449558
823,0.06649014031088232,1.028210704846272,-0.5900817967406724,1.3485657601893255
824,0.5710063128428402,1.9962797167872695,-0.22488815073469906,0.3417729198484452
825,-0.17526522847654383,-0.9602156699732471,-0.2765032708753485,0.9247637078824094
826,1.762380315783996,0.6775956957166052,-0.8858754663017515,-0.7212697633881713
827,1.8350007307340293,-1.002438957098129,-1.0817946462041328,-1.4260541935952942
828,1.296496433967684,-0.3610376421934528,0.25817394706350905,1.6216379371348348
829,-0.0630558439262429,0.10195619163159035,-1.0954383650210504,0.3994296210171755
830,0.783582240346119,2.886845154820707,1.3660598499963421,0.44074307551282293
831,1.361703137475428,0.08367985647260032,-0.1493170885591398,-0.2833768283354761
832,-0.9184360268726878,2.2699917741172397,0.3832723631913452,0.9389494479435294
833,-1.3583649999180314,-0.6312556423878483,0.024271708106392852,-0.8079841383957425
834,0.1920833943583058,0.982984929641481,-0.35825239716697727,1.1856388771221555
835,-0.13352381178109646,1.5062068851259653,-0.44721504761801817,-2.5155846901119174
836,1.0126684772576644,1.3452580555596816,0.24421409644439024,-0.42671944057208805
837,0.9434063652849998,0.2620322282369095,1.8063692018449744,0.9662093486092808
838,-1.263249214361319,0.748484594077387,0.4568970274056496,-1.2930959346589026
839,0.8130885705386529,0.6967876320115388,-0.5178808906245542,0.23246738471293107
840,-0.7870451678733594,-0.3769353467843206,0.4817821252553131,-0.6276002971059069
841,-0.39159989538095386,-1.3447458755062174,0.6706361954233943,0.8533124775077289
842,-0.38702980941054577,-0.36961559062128735,0.6688586185672339,-1.297351891275549
843,-0.9252411904542861,-0.5846486338375813,-1.6402763609514714,1.2443356353591422
844,1.2774788477538959,-0.6115918881261792,-1.2444970073296058,-0.33640951457400836
845,1.3449280206296017,2.078849098870363,0.5677634898153938,0.2361069835044944
846,-0.39972495296911636,-0.4409133375382273,0.34735750402307947,-1.9419824058035686
847,0.8286665602090473,-0.6641130911662407,1.4154107464503367,-0.7213553682141409
848,-1.179140861403972,1.0749908257846599,-0.381729849541821,-0.1980623656793945
849,1.1292981242787326,0.45556086748452324,-0.3996586518374611,-1.29374205343772
850,1.5508846608712499,0.7501706333435267,-0.8111517747164932,0.20680975091002532
851,1.3146334941522362,-0.4034478449675848,0.35983998419136287,0.4510806969364315
852,0.036566741527061374,1.7775672072777007,0.42777086317935753,-0.6867619563094242
853,-0.035693578586019604,-1.018533563987091,0.7677562908090738,1.0277517229045574
854,0.3401342200661126,0.7940726167355657,-0.3957915980740718,-0.00016431905349263335
855,-0.6083179624285279,-0.04487517616537841,0.19406764430383938,-0.9034405589405259
856,1.7804411630244945,0.5768740231197436,-0.3412942469840565,-0.24542438581051187
857,-0.8449651836217706,-0.6572870928517942,-0.9294080022620528,0.15300419154459002
858,-0.24481496278776957,-0.4499286076942007,-0.2896022892757678,0.5418985330521044
859,0.8274431726633621,0.4671290598572491,0.15511053715665557,0.2694620149793957
860,-1.87062314184338,0.6948846497386295,-0.4962555728145549,1.6532128922103373
861,0.2450600443463356,-1.1480655085807787,0.15640053905346044,-0.40028554648635306
862,1.0789024912046665,-0.33563994556472926,-0.964258701419728,0.7717156844653666
863,-0.1115008743993375,0.3054838218722171,0.4321322632449538,-0.09307641086353441
864,0.828014160640054,-0.3312427184999081,-0.17505321043658342,1.390589711953775
865,-1.1001508915029186,0.9264573419703269,0.1401990359963462,-0.09775465299878637
866,0.7739677466594521,-0.09240149204490104,-0.06546909524756243,0.7810123044777182
867,1.0139211536021142,1.163923341754733,1.6256593972397926,-1.8334162969819665
868,-1.5350228976334765,1.2827069022389104,0.4175026829557917,0.03270209623142382
869,-0.48461067346137704,-1.20737125123512,-0.4911836313067876,-1.209411489179143
870,-2.2517406325595686,-0.20560714420681522,0.3255838369051834,-0.6406617480317541
871,-1.5351140822798564,-0.5072225893647477,-0.15888591765089724,-0.0066526609306546336
872,-0.5178123687154542,-0.6354827826471813,0.2537278163676874,0.7971842044496199
873,0.5130543981714906,1.455510766815696,0.390281935245392,-2.2030731958516556
874,-1.408194874134423,1.5612618608106401,-1.7252761709717104,-0.08372453493413828
875,-0.628097697006853,2.5781083838398122,-1.122791047869875,-0.11474629949812216
876,1.916869685191488,1.0442085278222322,0.5643223986777113,-1.1121962681523607
877,-1.1134194411111893,-0.03361030532671317,-0.2868360789915384,1.3049462370572855
878,-0.3701752694040315,-1.9711678300557705,-0.7708005585951715,-1.5203923950111249
879,0.9720855469546784,0.6287787429261369,-0.9321187096704141,-1.3156491578370606
880,-0.08243057803866095,-0.4712025016605427,1.1189803026558072,-1.8606214219444142
881,-1.1642723292071295,1.2005101100250737,-0.7654010003255325,0.8286729309774019
882,0.347620145309543,2.250363267498764,-1.0774246351791061,0.3216779706867308
883,-1.89418634834161,0.3637414055846436,0.48346380700503194,0.030043407033710178
884,1.066804489981027,-1.080654247635258,-0.1702034806179982,0.2682435710410375
885,-1.1633285818981027,-0.3142631426513462,1.5385986210621994,-0.29715261967848633
886,0.45543555306616434,0.5496611703354903,0.5061760007729424,0.9661167839635328
887,0.7572125409955552,-0.0361252356516537,0.14227146543727087,-0.37678867039506847
888,-1.0375603025743856,-1.292797331405888,-1.1696920962797541,-0.10198553213812872
889,0.9567312558399078,0.5332062746553939,0.33717387243763536,1.1156888223360681
890,0.6827953768876677,0.28431373360631096,-0.1726501799799158,0.45336043887112243
891,0.47995327516294706,2.6337180296674476,0.544793204283282,-1.3969134070856473
892,0.14565725647367062,-0.18276175733008163,0.301424359908806,-1.357294664482172
893,-0.1549600887956684,1.593548561250866,0.0012641513517010741,-0.8473611075125627
894,0.6553855690182534,-0.08610643522833078,0.2495021256927019,0.8639372183630003
895,-0.9443269748310152,-0.8002568231182096,-0.14516717672606996,-0.8010606606038619
896,0.8964636888139003,0.5089624683634153,0.8975508387037033,1.1229690122432687
897,0.24534374340029938,1.19100908087788,0.5025917197707743,1.029720788223755
898,0.708923695657328,0.9418506528059727,0.009194776927706642,-2.2360002834131856
899,-0.9120556336644323,-0.3783870508607919,1.7783580887343682,0.45434380854805195
900,0.14168553967782718,0.9839931061806104,-1.2314102603204358,-1.0761452977492318
901,-0.27369240072456946,-1.7792791320748491,-1.2615165384108997,-0.09017183339752691
902,0.4464612631777923,0.7208094971305252,-2.1102548218157713,-0.25468872553125355
903,0.4569148763418438,-1.4216023278445693,-1.3296591839147067,0.6022429251227923
904,0.03556493606225433,-0.5072366609533949,0.27136293519147164,-1.3677342120102653
905,1.2584954442843026,-1.1017529778747759,-0.5266588995759961,-1.382198940518688
906,0.1513888998577745,0.7219481207913703,-0.3985685765526803,-0.5852954597713269
907,-0.6081640500608404,-0.41308544537569614,0.7546384623528422,0.3813923926662912
908,-0.6815232979616026,0.12278601248081167,-0.0013245743632761887,0.9638612489491334
909,1.3566351842885167,-0.637189328110948,0.19037028195506628,-2.408814616340516
910,1.5714509498046898,0.18597591449127734,-0.30351671019052195,1.255023763440113
911,1.0117812426627188,-0.1291615610243355,-0.801272492508756,0.7828636319762377
912,-0.17565743675260617,-0.19427460325688137,1.3041209234984024,0.06317602529346474
913,0.7213365137026259,-0.5968063377826395,-0.25904998011088365,1.7644711602413663
914,-0.2794038040472315,1.3874870420924479,-2.5332676052902054,-0.6456434546306176
915,1.5973923329169195,0.08248133823256293,0.29604417995525945,0.48352484591705425
916,-1.1817160006632075,-0.424989565633439,-1.5484896919172122,0.551116082248056
917,0.8799676545773337,0.7016324446352543,1.5063012080093394,-0.49957753522134973
918,-0.30609303554041384,-1.3922794121168496,-1.1897639557523798,0.08379702427540901
919,-0.7566875106070483,-0.42237721231998687,-0.6016935286661024,0.17854912453318206
920,-1.5330578404053707,-0.7437197842544042,-0.7449885803420253,0.9433327740256117
921,-0.5352223742508243,0.9774512423492193,0.3368971212431216,-0.9442681429532486
922,0.45156883215543864,0.6866020103178425,2.7274293154570266,0.012654956947910063
923,-0.39020724431046205,0.6072101380086635,0.7900702847646219,0.47998709202373935
924,-0.5544722197652605,1.376238342290804,0.47366443756095034,-0.27063591557929584
925,0.6554809887829767,0.6390868715844429,1.8420345897888637,0.7711551326465543
926,-2.1465558028505956,1.224338295278944,-0.0988022060229677,0.3359808386198993
927,-0.5700101971055261,0.5616172830559024,0.45212714578674584,-0.8331841307510935
928,0.3695462520515097,-0.36733945727725875,1.7581652570746698,0.524729679138657
929,0.024617043214076414,0.9212462506798984,-0.42874995513687875,-0.3418739591903511
930,-0.5358906710222499,0.5124085416543791,-1.354664500405057,-0.6402834262394701
931,-0.4785439970779427,-0.714550704579208,-0.9212039683649116,-0.586915800762131
932,-0.6811827839981075,-0.12992943379256885,0.38906042210760944,0.9566431728219393
933,0.109704352334415,-1.7263710088864574,-1.116578451481182,-1.4792816734586378
934,0.41864016373879737,1.6617430136268834,-0.28446136856748566,-0.19753272964045318
935,-1.9411672271786709,1.8252940230819357,-0.2509030704985995,-0.9178849598879466
936,0.20946238186636945,1.2720392734814292,-1.2047170799566047,0.2639148918416612
937,-0.6016668912270681,2.334386843770197,1.0774190062649533,-0.7146797297028031
938,0.986662968573577,3.458164296858501,-0.5651956795953244,-0.4804673468940793
939,-0.48898066762409964,1.4868606073576651,1.288315527858895,-0.09261001254337987
940,1.1438559084597122,-0.12468325829746336,-2.229952180488727,0.7770439972355272
941,-1.5503978324054979,0.03753365372869566,-0.2947614069057289,0.2398271961604894
942,0.20356206129289928,0.3253560204365,-1.453543077572514,1.3577906223796585
943,-1.571255299523811,0.341463872067824,-1.3359139462560023,0.4898767155878453
944,0.4795453151546716,-0.7163969901241434,2.577638089713903,1.5567094170840083
945,-0.26106681244733176,0.49857473846283007,-0.28432837914300824,0.09797276227135644
946,-0.8402405989536138,0.6954930508245034,-1.2401264986551557,0.10245867761304832
947,-0.18434269689583538,0.2467358473182082,-0.3073018451607204,-0.8723963769686043
948,-1.0470634058007036,0.8851553655206513,1.134385851730049,1.4176254005714906
949,-0.03576051523325383,-0.5883020872907543,0.030217310117177612,1.7297223046614953
950,-0.6447774266809582,0.21687371888055226,0.5106134935836832,-1.285529658656455
951,-1.0192491282363727,2.0435808564310824,-1.739600811642356,-2.159666644439433
952,0.09845971347189321,0.6958229512812226,-0.14657305840750343,-0.1287681761054605
953,-0.5186648973629305,-1.0070543477148646,-0.726918507448809,-1.2532566216643857
954,-0.8278416039471478,0.5221671344627005,0.20874285835619316,0.4088072708138487
955,-0.24923845813259562,0.5902007721683475,-1.0846456922617387,0.19891745394201402
956,0.6241885069751136,1.8049393408640184,0.03514371636224188,0.008193654513627536
957,-0.15017062229225608,-2.435819846734196,-0.4192034592775321,0.15742849314908072
958,-0.21313278122237145,-0.05568281904692344,0.012832185950564451,-0.39360432557859826
959,1.1807380688184814,-0.2080356770589985,0.07405381635022547,0.3378258736419775
960,-0.24177704323361773,0.6405096860530547,2.062327170001111,0.34145455554654075
961,-0.5870284418564059,-0.23631261296779107,-1.6131174609788594,-1.9637639930070632
962,-0.16717684307301636,-1.3875356417093219,-0.46074952790041457,-0.9164563322351572
963,1.604087744268224,-0.12102984427665457,0.9838945915820899,0.4524937810404756
964,-0.14044646457021656,1.6232070064585138,-0.016757532113280196,0.8424992835921394
965,-0.6939916906910987,1.6235777624976742,0.2469348412507467,0.2127480069226867
966,-0.015969758491270455,0.08088788398709591,0.8028609529967669,-0.9986001126308657
967,-2.0719317850231027,-1.3849872050907992,-0.9773392162446959,-0.4907229205230545
968,1.9569292841830808,-2.5267851061626825,-0.9578205729796492,-0.8547878720951683
969,0.3689533514520965,0.32595408144479593,-1.1291613930564244,2.36696996634264
970,-0.10578477311804993,1.195408034544626,-0.8714784811528828,0.041504200006243046
971,-1.1007548695118767,0.023348800443497787,-0.06538974195237961,0.8039438837621672
972,0.8034692108605211,1.9526652757527512,-0.8685843256085228,-0.6177671988917501
973,-1.6499468565061215,1.03314236752531,-2.605569753798276,0.19898242616247513
974,0.9701436255667865,0.9606277319101665,0.42795395776650413,-0.6828522968498001
975,-1.0696798150431182,-1.6510308115645604,-0.2811092367064347,1.1287380719043858
976,0.48167185979371574,0.07147168307514835,0.7493315487001101,2.1411099450624453
977,-0.584124620363372,-2.171698737516422,1.384182440008111,0.5453869108101836
978,-1.6716974430609877,-0.8506716673503493,-0.35794815267189006,-0.7201795052201355
979,-0.4072875746306146,-0.2689936855560287,-1.3738230639376603,0.2965652498461042
980,0.052405298292712385,-0.4258108963547798,-0.6819872250652776,-2.244661725525522
981,0.5377558358859149,0.1886307791942164,-0.4448964942588743,0.12144309797336013
982,0.6894322357337395,-2.556800698700072,-0.7434445804127607,-1.1823157244682
983,0.37150860809007347,0.07570843053894077,-1.0560849705497946,0.9556114597075975
984,0.7167733834992995,-0.615533746285588,0.34427979944516546,1.2762346284870292
985,1.46283044613132,1.6214056277875544,-1.0076537681819264,0.014267877753003103
986,-0.40463631731433813,-1.8522295839254288,1.7960245844665048,0.3906091946073069
987,-0.5954541976124098,0.9241746100959707,1.3826612753828222,0.4796557885636355
988,-0.29718868419262257,0.15214666977269947,-1.3422742586037675,0.5135336060587774
989,-2.047851018621327,-0.627934655996207,0.19151681847577404,0.40617988897904383
990,-0.005130660964130347,-0.16705277439001795,-0.8616549253918905,-0.06284531206954361
991,-1.0201609228382214,-0.31137945984861054,-1.325780399654996,0.13001025782174658
992,2.2415000918860755,0.16369350922507814,0.3043804667366951,-0.4995226632222975
993,-1.2443671943620471,0.6508858427282537,-0.2260162495719591,0.510119428751575
994,-0.06528196859233107,-1.5354127545987015,0.16402600459523692,1.1676300830383741
995,0.3181843815505142,0.10244635212337397,0.7649075624678965,1.4583281379274609
996,-0.7544836510566598,-0.9201878922247309,-0.07733128068666179,-0.15385746359083696
997,-1.1577776766347987,0.26389022745991964,1.4360254309483231,-0.8229657242038059
998,-0.9798475097063425,-1.7816355409786249,-1.0721087470379653,0.5209889823979508
999,-1.94563676942953,-0.44576522101241206,0.7454390644529856,0.5945947026713976
